year                                      2025          2026
basket  window       co  variant                            
APPAREL A_Aug1-17    ASO ALLX      50.7 (3606)   50.6 (2493)
                         EMAIL      57.8 (514)   50.5 (2460)
                         ORG         63.0 (46)     62.5 (32)
                         PURCH     50.5 (3560)   50.5 (2461)
                         TEXT      49.3 (3046)       0.0 (1)
                     DKS ALL       44.9 (4156)   46.0 (2943)
                         ORG        56.8 (139)    50.9 (167)
                         PIE       43.8 (3968)   45.7 (2774)
                         PIE+ORG   44.2 (4107)   46.0 (2941)
        B_Aug18-Oct6 ASO ALLX      48.0 (8102)  45.4 (10995)
                         EMAIL     53.8 (1254)   45.9 (2172)
                         ORG         66.3 (86)     60.9 (92)
                         PURCH     47.8 (8016)  45.3 (10903)
                         TEXT      46.7 (6762)   45.2 (8731)
                     DKS ALL      46.6 (13904)    49.9 (501)
                         ORG        56.9 (383)    54.5 (341)
                         PIE      41.5 (12398)    42.3 (137)
                         PIE+ORG  41.9 (12781)    51.0 (478)
        C_Aug1-Oct6  ASO ALLX     48.8 (11708)  46.4 (13488)
                         EMAIL     55.0 (1768)   48.4 (4632)
                         ORG        65.2 (132)    61.3 (124)
                         PURCH    48.7 (11576)  46.3 (13364)
                         TEXT      47.5 (9808)   45.2 (8732)
                     DKS ALL      46.2 (18060)   46.6 (3444)
                         ORG        56.9 (522)    53.3 (508)
                         PIE      42.0 (16366)   45.5 (2911)
                         PIE+ORG  42.5 (16888)   46.7 (3419)
KIDS    A_Aug1-17    ASO ALLX      51.0 (1058)    52.1 (798)
                         EMAIL      59.2 (142)    52.2 (791)
                         ORG         55.6 (18)      50.0 (6)
                         PURCH     51.0 (1040)    52.1 (792)
                         TEXT       49.7 (898)       0.0 (1)
                     DKS ALL        31.5 (534)    35.3 (348)
                         ORG         20.0 (10)     16.7 (18)
                         PIE        31.7 (524)    36.4 (330)
                         PIE+ORG    31.5 (534)    35.3 (348)
        B_Aug18-Oct6 ASO ALLX      47.3 (2358)   50.3 (2907)
                         EMAIL      53.3 (390)    51.9 (648)
                         ORG         75.0 (16)     61.5 (13)
                         PURCH     47.1 (2342)   50.2 (2894)
                         TEXT      45.9 (1952)   49.8 (2246)
                     DKS ALL       35.2 (2121)     26.2 (42)
                         ORG         11.1 (18)     24.1 (29)
                         PIE       27.7 (1879)     25.0 (12)
                         PIE+ORG   27.5 (1897)     24.4 (41)
        C_Aug1-Oct6  ASO ALLX      48.4 (3416)   50.7 (3705)
                         EMAIL      54.9 (532)   52.1 (1439)
                         ORG         64.7 (34)     57.9 (19)
                         PURCH     48.3 (3382)   50.7 (3686)
                         TEXT      47.1 (2850)   49.8 (2247)
                     DKS ALL       34.4 (2655)    34.4 (390)
                         ORG         14.3 (28)     21.3 (47)
                         PIE       28.5 (2403)    36.0 (342)
                         PIE+ORG   28.4 (2431)    34.2 (389)
MENS    A_Aug1-17    ASO ALLX      48.5 (1516)   48.1 (1089)
                         EMAIL      58.6 (237)   47.9 (1072)
                         ORG         66.7 (12)     64.7 (17)
                         PURCH     48.4 (1504)   47.9 (1072)
                         TEXT      46.5 (1267)           NaN
                     DKS ALL       32.0 (1841)   37.4 (1329)
                         ORG         36.4 (55)     41.4 (58)
                         PIE       31.8 (1784)   37.2 (1270)
                         PIE+ORG   32.0 (1839)   37.3 (1328)
        B_Aug18-Oct6 ASO ALLX      45.1 (3424)   39.5 (4898)
                         EMAIL      51.1 (548)    40.8 (944)
                         ORG         54.2 (24)     57.1 (49)
                         PURCH     45.1 (3400)   39.3 (4849)
                         TEXT      43.9 (2852)   39.0 (3905)
                     DKS ALL       32.6 (6096)    34.5 (200)
                         ORG        41.4 (140)    37.2 (113)
                         PIE       30.8 (5813)     35.8 (67)
                         PIE+ORG   31.0 (5953)    36.7 (180)
        C_Aug1-Oct6  ASO ALLX      46.2 (4940)   41.1 (5987)
                         EMAIL      53.4 (785)   44.5 (2016)
                         ORG         58.3 (36)     59.1 (66)
                         PURCH     46.1 (4904)   40.9 (5921)
                         TEXT      44.7 (4119)   39.0 (3905)
                     DKS ALL       32.5 (7937)   37.0 (1529)
                         ORG        40.0 (195)    38.6 (171)
                         PIE       31.0 (7597)   37.1 (1337)
                         PIE+ORG   31.2 (7792)   37.3 (1508)
WOMENS  A_Aug1-17    ASO ALLX      53.5 (1032)    53.1 (606)
                         EMAIL      54.8 (135)    52.9 (597)
                         ORG         68.8 (16)      66.7 (9)
                         PURCH     53.2 (1016)    52.9 (597)
                         TEXT       53.0 (881)           NaN
                     DKS ALL       62.2 (1781)   58.0 (1266)
                         ORG         77.0 (74)     63.7 (91)
                         PIE       60.4 (1660)   57.5 (1174)
                         PIE+ORG   61.1 (1734)   57.9 (1265)
        B_Aug18-Oct6 ASO ALLX      53.0 (2320)   50.2 (3190)
                         EMAIL      59.2 (316)    47.8 (580)
                         ORG         69.6 (46)     66.7 (30)
                         PURCH     52.7 (2274)   50.0 (3160)
                         TEXT      51.6 (1958)   50.5 (2580)
                     DKS ALL       65.9 (5687)    65.6 (259)
                         ORG        70.2 (225)    68.8 (199)
                         PIE       60.2 (4706)     53.4 (58)
                         PIE+ORG   60.7 (4931)    65.4 (257)
        C_Aug1-Oct6  ASO ALLX      53.2 (3352)   50.7 (3796)
                         EMAIL      57.9 (451)   50.4 (1177)
                         ORG         69.4 (62)     66.7 (39)
                         PURCH     52.9 (3290)   50.5 (3757)
                         TEXT      52.1 (2839)   50.5 (2580)
                     DKS ALL       65.0 (7468)   59.3 (1525)
                         ORG        71.9 (299)    67.2 (290)
                         PIE       60.3 (6366)   57.3 (1232)
                         PIE+ORG   60.8 (6665)   59.2 (1522)

ASO last review date in pull: 2026-10-07
